! EM field energy per field component
  Iter        Time                          B1                      B2                      B3                      E1                      E2                      E3
     0   0.0000000      0.0000000000000000E+00  0.0000000000000000E+00  0.0000000000000000E+00  0.0000000000000000E+00  0.0000000000000000E+00  0.0000000000000000E+00
     1  0.99000000E-02  0.0000000000000000E+00  9.3350047424113699E-11  9.9513975374040657E-11  4.0288658328847664E-10  2.6327807233445116E-10  2.4895587745462798E-10
     2  0.19800000E-01  0.0000000000000000E+00  3.0594423132143422E-10  3.0392760077797465E-10  1.5963608631331130E-09  5.0173475030461872E-10  4.5647332797518115E-10
     3  0.29700000E-01  0.0000000000000000E+00  5.1604404687607700E-10  4.8345587916848181E-10  3.5630410883805436E-09  7.2411038377170374E-10  6.0282124697336928E-10
     4  0.39600000E-01  0.0000000000000000E+00  7.2061628135891249E-10  6.8612643193998918E-10  6.2841601511617718E-09  9.1489496391126666E-10  7.2223807643472139E-10
     5  0.49500000E-01  0.0000000000000000E+00  8.7332382066807728E-10  8.7462009846572664E-10  9.7310183096646133E-09  1.0823476786793153E-09  8.1412608168144019E-10
     6  0.59400000E-01  0.0000000000000000E+00  1.0291501311349628E-09  1.0802441132554829E-09  1.3877918252669712E-08  1.2400366050973950E-09  8.7412346576957193E-10
     7  0.69300000E-01  0.0000000000000000E+00  1.1722234172057994E-09  1.2729327797685390E-09  1.8712173301730819E-08  1.3775284668037831E-09  9.1346406761156954E-10
     8  0.79200000E-01  0.0000000000000000E+00  1.2968849955089355E-09  1.5186028895850568E-09  2.4222017122939102E-08  1.4629997967164561E-09  9.9122417397476743E-10
     9  0.89100000E-01  0.0000000000000000E+00  1.4286326082523534E-09  1.7390984259757601E-09  3.0368160974251541E-08  1.5685085768727540E-09  1.0277044285606459E-09
    10  0.99000000E-01  0.0000000000000000E+00  1.6014484012714666E-09  1.9657028059240401E-09  3.7136434063697601E-08  1.7090725226280626E-09  1.0380369724793107E-09
    11  0.10890000      0.0000000000000000E+00  1.7308760798720650E-09  2.1648050792265130E-09  4.4598847088467240E-08  1.8767497709574113E-09  1.0832842468275910E-09
    12  0.11880000      0.0000000000000000E+00  1.8376402005203886E-09  2.3546627850472871E-09  5.2637983667052597E-08  2.0373403332082927E-09  1.1371382272915830E-09
    13  0.12870000      0.0000000000000000E+00  1.9518027454676589E-09  2.5372414458286352E-09  6.1188876524475674E-08  2.1844732913852884E-09  1.1593113463779258E-09
    14  0.13860000      0.0000000000000000E+00  2.0653340360996674E-09  2.7136007445883281E-09  7.0260972389380861E-08  2.3254034032523109E-09  1.1772253625831300E-09
    15  0.14850000      0.0000000000000000E+00  2.1984383171147879E-09  2.8613300386960170E-09  7.9823010399420818E-08  2.4337194974462002E-09  1.2095495535655065E-09
    16  0.15840000      0.0000000000000000E+00  2.3386315307816772E-09  2.9843644614367274E-09  8.9880815533476742E-08  2.5336016530594629E-09  1.2575556689207006E-09
    17  0.16830000      0.0000000000000000E+00  2.4379515661647841E-09  3.1431856043738201E-09  1.0040140345870273E-07  2.6002083406027373E-09  1.2963118409635401E-09
    18  0.17820000      0.0000000000000000E+00  2.4671615011813521E-09  3.3052628504197891E-09  1.1132726585246166E-07  2.6508716533699537E-09  1.3450014219940470E-09
    19  0.18810000      0.0000000000000000E+00  2.4496695746836156E-09  3.4826293571640891E-09  1.2266606625872507E-07  2.7256792146630339E-09  1.4110051909146198E-09
    20  0.19800000      0.0000000000000000E+00  2.4362457981998511E-09  3.6378555289874542E-09  1.3435381164876939E-07  2.8334860107557607E-09  1.4411010800874166E-09
    21  0.20790000      0.0000000000000000E+00  2.4472733929144687E-09  3.8194341478612770E-09  1.4633839018003816E-07  2.9509084015561261E-09  1.4879205505555264E-09
    22  0.21780000      0.0000000000000000E+00  2.4588643971655441E-09  4.0173627383137837E-09  1.5863404116251654E-07  3.0718902385971456E-09  1.5386535667912961E-09
    23  0.22770000      0.0000000000000000E+00  2.4912417534302091E-09  4.2048712151881078E-09  1.7125290641428046E-07  3.1872899135207134E-09  1.5846072235776331E-09
    24  0.23760000      0.0000000000000000E+00  2.5575412583527369E-09  4.3271755953581256E-09  1.8423209122147534E-07  3.3494388256276465E-09  1.5996309345364365E-09
    25  0.24750000      0.0000000000000000E+00  2.6336014674347725E-09  4.4287686735871149E-09  1.9748513125570858E-07  3.5114134061262276E-09  1.5665897885505380E-09
    26  0.25740000      0.0000000000000000E+00  2.6727047993479612E-09  4.5540316475905312E-09  2.1114120490215920E-07  3.6366271076232134E-09  1.5328730283678415E-09
    27  0.26730000      0.0000000000000000E+00  2.6900260218541139E-09  4.6675708055943868E-09  2.2522650467742856E-07  3.7651051491801000E-09  1.5147306741330020E-09
    28  0.27720000      0.0000000000000000E+00  2.7176391771681474E-09  4.7620148858653012E-09  2.3935355526588413E-07  3.8761032663436431E-09  1.5278439692740138E-09
    29  0.28710000      0.0000000000000000E+00  2.7915603305730685E-09  4.8160601412683915E-09  2.5384605616006292E-07  3.9990122894122037E-09  1.4958565644028785E-09
    30  0.29700000      0.0000000000000000E+00  2.8724405083719763E-09  4.9145314090322275E-09  2.6868582160320280E-07  4.0916972929520272E-09  1.4517640567601110E-09
    31  0.30690000      0.0000000000000000E+00  2.9547525237228165E-09  5.0257263572946935E-09  2.8403345352257816E-07  4.1629424899074218E-09  1.4186036817802419E-09
    32  0.31680000      0.0000000000000000E+00  3.0346316401205382E-09  5.1118463997886888E-09  2.9958322999194520E-07  4.2331455474231312E-09  1.4167261539667164E-09
    33  0.32670000      0.0000000000000000E+00  3.0915373075358257E-09  5.1659863944734073E-09  3.1532964675521510E-07  4.3476425767993843E-09  1.4385060025960482E-09
    34  0.33660000      0.0000000000000000E+00  3.1409475894280127E-09  5.2218974963090473E-09  3.3123521829172578E-07  4.4774775645172193E-09  1.4857709639687742E-09
    35  0.34650000      0.0000000000000000E+00  3.2007272413931153E-09  5.2805872754811302E-09  3.4730771246071707E-07  4.5743382241850856E-09  1.5312716453755942E-09
    36  0.35640000      0.0000000000000000E+00  3.3134829846951926E-09  5.3607136852679105E-09  3.6355543502297494E-07  4.6399043049616773E-09  1.5541518192391627E-09
    37  0.36630000      0.0000000000000000E+00  3.4182018140162498E-09  5.4723333919599638E-09  3.8004961988037689E-07  4.6932770977954521E-09  1.6036698694309127E-09
    38  0.37620000      0.0000000000000000E+00  3.4886866270968082E-09  5.6273533846254320E-09  3.9669005425355537E-07  4.7021107379627629E-09  1.6804206802342960E-09
    39  0.38610000      0.0000000000000000E+00  3.5436433984107452E-09  5.8186954601006582E-09  4.1345729784634731E-07  4.7082055853753376E-09  1.7349254925140669E-09
    40  0.39600000      0.0000000000000000E+00  3.5858596352402376E-09  6.0403015821630255E-09  4.3034338493883662E-07  4.6821489070907772E-09  1.7734261853679244E-09
    41  0.40590000      0.0000000000000000E+00  3.6445115312759152E-09  6.2736606627214131E-09  4.4733920636038590E-07  4.6650955618972806E-09  1.7917448963265924E-09
    42  0.41580000      0.0000000000000000E+00  3.7057075614068956E-09  6.4626506045209217E-09  4.6464898382649757E-07  4.6717799905522133E-09  1.8075022570992097E-09
    43  0.42570000      0.0000000000000000E+00  3.7935618675377213E-09  6.6251799465142196E-09  4.8195559590482936E-07  4.7063339307604000E-09  1.8095844036794317E-09
    44  0.43560000      0.0000000000000000E+00  3.8804107775507161E-09  6.7848863964963163E-09  4.9930229157210096E-07  4.7509082668712009E-09  1.7993873563888601E-09
    45  0.44550000      0.0000000000000000E+00  3.9472437020470152E-09  6.9516203357709687E-09  5.1689165084858987E-07  4.7679278178152182E-09  1.8229706859527059E-09
    46  0.45540000      0.0000000000000000E+00  4.0090489425832674E-09  7.1434173572119261E-09  5.3438239607143633E-07  4.7999853973662795E-09  1.8200371332367926E-09
    47  0.46530000      0.0000000000000000E+00  4.0526071329949257E-09  7.3672098417696611E-09  5.5185410103351678E-07  4.8260179456017198E-09  1.7879137148350852E-09
    48  0.47520000      0.0000000000000000E+00  4.0183086160176055E-09  7.6068300259084700E-09  5.6952562403254195E-07  4.8510393770730582E-09  1.8001445185483549E-09
    49  0.48510000      0.0000000000000000E+00  3.9251824590949656E-09  7.8670611469711482E-09  5.8706864151437190E-07  4.8485732923773435E-09  1.8163279811506028E-09
    50  0.49500000      0.0000000000000000E+00  3.8280469694476727E-09  8.1210628412729978E-09  6.0467247328574730E-07  4.8614433102176289E-09  1.8200187413809893E-09
    51  0.50490000      0.0000000000000000E+00  3.7178223914137414E-09  8.3528274283357535E-09  6.2224217222407900E-07  4.8531371977865561E-09  1.8386087554243718E-09
    52  0.51480000      0.0000000000000000E+00  3.5920995873563813E-09  8.5526668782602114E-09  6.3982532813571329E-07  4.8944437544596217E-09  1.8965727088139525E-09
    53  0.52470000      0.0000000000000000E+00  3.4907649450024543E-09  8.7640195500580552E-09  6.5745215769828225E-07  4.9348706652020735E-09  1.9430044329794178E-09
    54  0.53460000      0.0000000000000000E+00  3.4424059331560056E-09  8.9625960485624081E-09  6.7494118451573844E-07  4.9834960392109319E-09  1.9758705949877767E-09
    55  0.54450000      0.0000000000000000E+00  3.4096162287379598E-09  9.1350560504634338E-09  6.9237524420406338E-07  5.0465304151120146E-09  2.0145554311370700E-09
    56  0.55440000      0.0000000000000000E+00  3.3513562803335485E-09  9.3044487340267983E-09  7.0953510549432580E-07  5.0913252153781662E-09  2.0557648582486689E-09
    57  0.56430000      0.0000000000000000E+00  3.2698256728239549E-09  9.5166390157123545E-09  7.2649730079191365E-07  5.1163612220785634E-09  2.0924757129067419E-09
    58  0.57420000      0.0000000000000000E+00  3.1723460655601161E-09  9.7504800115143264E-09  7.4311737793347167E-07  5.1251241667028588E-09  2.1398667166657899E-09
    59  0.58410000      0.0000000000000000E+00  3.0572745436373494E-09  9.9821483694235390E-09  7.5956754929508872E-07  5.0938722192865769E-09  2.2174411862311628E-09
    60  0.59400000      0.0000000000000000E+00  2.9779486270821679E-09  1.0179838700547283E-08  7.7606047083412092E-07  5.0603803654989501E-09  2.2632014977725538E-09
    61  0.60390000      0.0000000000000000E+00  2.9620058463727796E-09  1.0363611331144446E-08  7.9249236773272784E-07  5.0081208076757949E-09  2.2459254230696095E-09
    62  0.61380000      0.0000000000000000E+00  2.9502408838825233E-09  1.0538117258026655E-08  8.0862215910292837E-07  4.9334990537722634E-09  2.2295406605341517E-09
    63  0.62370000      0.0000000000000000E+00  2.9294762272995440E-09  1.0667461441173269E-08  8.2477764852980222E-07  4.8994030016205568E-09  2.2273559942161708E-09
    64  0.63360000      0.0000000000000000E+00  2.9196849898056251E-09  1.0792447373719908E-08  8.4079705559827109E-07  4.8853279848136322E-09  2.2134086739950369E-09
    65  0.64350000      0.0000000000000000E+00  2.9127100100838375E-09  1.0946721998272821E-08  8.5675897073819019E-07  4.8817647711418975E-09  2.2149837747038881E-09
    66  0.65340000      0.0000000000000000E+00  2.8956694128006556E-09  1.1143752403263882E-08  8.7264727083944202E-07  4.8693371886427883E-09  2.2647521473176786E-09
    67  0.66330000      0.0000000000000000E+00  2.9227796113954841E-09  1.1322702904322690E-08  8.8863019839393736E-07  4.8737082675374970E-09  2.3205335941607256E-09
    68  0.67320000      0.0000000000000000E+00  2.9766340614964241E-09  1.1486781562499061E-08  9.0465757831127980E-07  4.8559418027559096E-09  2.3634701048732245E-09
    69  0.68310000      0.0000000000000000E+00  3.0047570706882021E-09  1.1648311492030717E-08  9.2054327789725987E-07  4.8194852198997139E-09  2.4235127490745066E-09
    70  0.69300000      0.0000000000000000E+00  2.9913382259041051E-09  1.1818064985301874E-08  9.3634020490241406E-07  4.7778680574053749E-09  2.4899303589897327E-09
    71  0.70290000      0.0000000000000000E+00  2.9684436961383868E-09  1.1991749640240220E-08  9.5204090279708075E-07  4.7223685293736973E-09  2.5277025993159707E-09
    72  0.71280000      0.0000000000000000E+00  2.9824375810505143E-09  1.2113310334980788E-08  9.6768931078290667E-07  4.7073246796821319E-09  2.5324748270272943E-09
    73  0.72270000      0.0000000000000000E+00  3.0049919957921101E-09  1.2236069483612250E-08  9.8330743726278514E-07  4.6629404318980392E-09  2.5524835569326451E-09
    74  0.73260000      0.0000000000000000E+00  3.0927737755501072E-09  1.2316111170539999E-08  9.9894353197693341E-07  4.6438908726116620E-09  2.5408834875242199E-09
    75  0.74250000      0.0000000000000000E+00  3.2087476563069058E-09  1.2323289110418009E-08  1.0147353563370725E-06  4.6747653494320794E-09  2.5236180247160593E-09
    76  0.75240000      0.0000000000000000E+00  3.3052629452690885E-09  1.2301429010594278E-08  1.0303298073904931E-06  4.7094088575945394E-09  2.5350188311424268E-09
    77  0.76230000      0.0000000000000000E+00  3.3974349308815720E-09  1.2265053555169019E-08  1.0459012692236053E-06  4.7288370298245113E-09  2.5519042898118041E-09
    78  0.77220000      0.0000000000000000E+00  3.5114099769132158E-09  1.2230349463123946E-08  1.0612250264034232E-06  4.7314563037353791E-09  2.5243998276441118E-09
    79  0.78210000      0.0000000000000000E+00  3.6418627103031914E-09  1.2206026807882545E-08  1.0763333288757973E-06  4.7183094876576900E-09  2.4858377630993996E-09
    80  0.79200000      0.0000000000000000E+00  3.7493156609858344E-09  1.2149263156954351E-08  1.0912882646757282E-06  4.7189490406799726E-09  2.4770246681739890E-09
    81  0.80190000      0.0000000000000000E+00  3.8726812462598287E-09  1.2092863158549209E-08  1.1060592571909212E-06  4.6993667718136849E-09  2.4468913352256750E-09
    82  0.81180000      0.0000000000000000E+00  3.9856712357076156E-09  1.2079313081340879E-08  1.1205028983801916E-06  4.6520222169716804E-09  2.4166760805344082E-09
    83  0.82170000      0.0000000000000000E+00  4.0476774730260553E-09  1.2070115026565797E-08  1.1347161575446208E-06  4.6193850216650755E-09  2.4078427928852466E-09
    84  0.83160000      0.0000000000000000E+00  4.0507078329144319E-09  1.2081213480128477E-08  1.1487921403784183E-06  4.5721312850078816E-09  2.4264703939674730E-09
    85  0.84150000      0.0000000000000000E+00  4.0317153056279768E-09  1.2121396417968453E-08  1.1626079493239239E-06  4.5492474729455594E-09  2.4383776782243046E-09
    86  0.85140000      0.0000000000000000E+00  4.0037039514974092E-09  1.2168890242275958E-08  1.1761119201353517E-06  4.5452070854012012E-09  2.4662787532605209E-09
    87  0.86130000      0.0000000000000000E+00  3.9393715357105714E-09  1.2218955475963135E-08  1.1895977416536284E-06  4.5354120353426867E-09  2.5271348427929975E-09
    88  0.87120000      0.0000000000000000E+00  3.8812365663491581E-09  1.2233400653588214E-08  1.2027281461049717E-06  4.5414189117248727E-09  2.5656052413665955E-09
    89  0.88110000      0.0000000000000000E+00  3.8129289192511734E-09  1.2208694969801048E-08  1.2158361750536186E-06  4.5469406998419202E-09  2.6067306678432904E-09
    90  0.89100000      0.0000000000000000E+00  3.6994730607786766E-09  1.2207128596279640E-08  1.2289620350610963E-06  4.5272261454076205E-09  2.6878616074635985E-09
    91  0.90090000      0.0000000000000000E+00  3.5636572643671193E-09  1.2257867239561349E-08  1.2421957030193457E-06  4.4870627758381801E-09  2.7740779891277520E-09
    92  0.91080000      0.0000000000000000E+00  3.4258433517874253E-09  1.2344773472644647E-08  1.2553956576508374E-06  4.4430128960103049E-09  2.8401922395253054E-09
    93  0.92070000      0.0000000000000000E+00  3.2959024387413515E-09  1.2422706716272033E-08  1.2682021640957670E-06  4.3905549301073789E-09  2.9101455323116022E-09
    94  0.93060000      0.0000000000000000E+00  3.1794301407082724E-09  1.2480026930402749E-08  1.2805587929653288E-06  4.3451683148631891E-09  2.9785812478313122E-09
    95  0.94050000      0.0000000000000000E+00  3.1095252602286134E-09  1.2524556792626883E-08  1.2926284882349461E-06  4.2994358618221754E-09  3.0111071366372408E-09
    96  0.95040000      0.0000000000000000E+00  3.0700567116426550E-09  1.2536263513438443E-08  1.3043755989927573E-06  4.2912856708317242E-09  3.0436115478898363E-09
    97  0.96030000      0.0000000000000000E+00  3.0478548411902741E-09  1.2549176285752847E-08  1.3158539342281373E-06  4.2629491877143672E-09  3.0704824344403657E-09
    98  0.97020000      0.0000000000000000E+00  3.0363451697290412E-09  1.2515259170580163E-08  1.3272613623222348E-06  4.2817035043207859E-09  3.0721414310363378E-09
    99  0.98010000      0.0000000000000000E+00  3.0167237434455125E-09  1.2478326499924578E-08  1.3384239677038890E-06  4.3131672416971314E-09  3.0949682688624729E-09
   100  0.99000000      0.0000000000000000E+00  3.0045291271943719E-09  1.2487471028154954E-08  1.3493722551744460E-06  4.3197437393631507E-09  3.1120167253898742E-09
   101  0.99990000      0.0000000000000000E+00  2.9719366248993976E-09  1.2502287875776381E-08  1.3601721411812709E-06  4.3094422134153577E-09  3.1671414661694862E-09
   102   1.0098000      0.0000000000000000E+00  2.9369699297665952E-09  1.2520154219444206E-08  1.3707495739659331E-06  4.2925942136256479E-09  3.2854525554330406E-09
   103   1.0197000      0.0000000000000000E+00  2.9270174785326623E-09  1.2571934261765066E-08  1.3810641570805525E-06  4.2815714840138585E-09  3.3996848449631892E-09
   104   1.0296000      0.0000000000000000E+00  2.9491142575981822E-09  1.2618969165449904E-08  1.3908671797904098E-06  4.2946273040161679E-09  3.4575881979539473E-09
   105   1.0395000      0.0000000000000000E+00  2.9699183827714983E-09  1.2648154928548939E-08  1.4005786546534540E-06  4.3332960242595868E-09  3.4745603098596299E-09
   106   1.0494000      0.0000000000000000E+00  2.9511284656690266E-09  1.2642405934504079E-08  1.4101356868921253E-06  4.3831463101775696E-09  3.5285692092998060E-09
   107   1.0593000      0.0000000000000000E+00  2.9116514672245924E-09  1.2598290235460650E-08  1.4192392404747356E-06  4.4427735036199213E-09  3.6075458411124530E-09
   108   1.0692000      0.0000000000000000E+00  2.9249759639913331E-09  1.2551774829365204E-08  1.4280915505160842E-06  4.5102847501559013E-09  3.6323888651078258E-09
   109   1.0791000      0.0000000000000000E+00  2.9579897515953646E-09  1.2538888341133662E-08  1.4369113210700071E-06  4.5692481458128539E-09  3.6706088203068287E-09
   110   1.0890000      0.0000000000000000E+00  2.9993532813512303E-09  1.2575694991160242E-08  1.4455490819496976E-06  4.5912683435419055E-09  3.6786741412935789E-09
   111   1.0989000      0.0000000000000000E+00  3.0718626560040981E-09  1.2646091673715974E-08  1.4539257038964759E-06  4.5742019179799278E-09  3.6741109558479971E-09
   112   1.1088000      0.0000000000000000E+00  3.1383742443745666E-09  1.2708257422484921E-08  1.4620418582215016E-06  4.5664829365008866E-09  3.6621833411807175E-09
   113   1.1187000      0.0000000000000000E+00  3.1575890815074640E-09  1.2756761544400104E-08  1.4701412893718645E-06  4.5591117484271811E-09  3.6833793435722325E-09
   114   1.1286000      0.0000000000000000E+00  3.1737510801099592E-09  1.2769243393456320E-08  1.4780142780929538E-06  4.5577667230010873E-09  3.7177091972934354E-09
   115   1.1385000      0.0000000000000000E+00  3.1991859818988083E-09  1.2720833319863295E-08  1.4857471191942157E-06  4.5881168729395741E-09  3.7146076857906852E-09
   116   1.1484000      0.0000000000000000E+00  3.1868020610799470E-09  1.2616429984324029E-08  1.4933460474276261E-06  4.6361563281637598E-09  3.7378009728117954E-09
   117   1.1583000      0.0000000000000000E+00  3.1764713985487980E-09  1.2460254819871513E-08  1.5005277941483619E-06  4.7205938326268498E-09  3.7818479086323252E-09
   118   1.1682000      0.0000000000000000E+00  3.2181987542595698E-09  1.2300469371909441E-08  1.5077226332061926E-06  4.7979817091867152E-09  3.7841492659953460E-09
   119   1.1781000      0.0000000000000000E+00  3.2636958432982068E-09  1.2143817744651824E-08  1.5148106637800268E-06  4.8379354372399625E-09  3.7714844189092719E-09
   120   1.1880000      0.0000000000000000E+00  3.2654438771870095E-09  1.1990712117117833E-08  1.5217908354446884E-06  4.8724743807470664E-09  3.7875659949974436E-09
   121   1.1979000      0.0000000000000000E+00  3.2145154275470351E-09  1.1828471546325582E-08  1.5286127831916674E-06  4.9358911064479733E-09  3.8447225040529930E-09
   122   1.2078000      0.0000000000000000E+00  3.1365921809600784E-09  1.1690146085454280E-08  1.5350294413985560E-06  4.9725203652308983E-09  3.8729908664021211E-09
   123   1.2177000      0.0000000000000000E+00  3.0267988399661118E-09  1.1538724363039287E-08  1.5411531709288073E-06  4.9975851467928756E-09  3.9247652308114761E-09
   124   1.2276000      0.0000000000000000E+00  2.9465521132314551E-09  1.1395243557777006E-08  1.5471242593245928E-06  4.9915634773418041E-09  3.9802284214257744E-09
   125   1.2375000      0.0000000000000000E+00  2.9312073703885271E-09  1.1274436155948787E-08  1.5527776717397895E-06  4.9878496638234790E-09  3.9877482911474245E-09
   126   1.2474000      0.0000000000000000E+00  2.9352230128047714E-09  1.1179744436011761E-08  1.5586120222603487E-06  4.9894851414059731E-09  3.9711515241579330E-09
   127   1.2573000      0.0000000000000000E+00  2.8943492821890575E-09  1.1141816017109744E-08  1.5648176976749832E-06  4.9705508619763852E-09  3.9879059855662406E-09
   128   1.2672000      0.0000000000000000E+00  2.8501135626025963E-09  1.1105704815329108E-08  1.5711301247486891E-06  4.9267432688010263E-09  4.0261027473036381E-09
   129   1.2771000      0.0000000000000000E+00  2.8485544883946343E-09  1.1048566432656208E-08  1.5774135161425673E-06  4.8845142892767476E-09  4.0272329047421033E-09
   130   1.2870000      0.0000000000000000E+00  2.8878106703837511E-09  1.1019023918971922E-08  1.5835395267841592E-06  4.8354436519295038E-09  3.9980941595564125E-09
   131   1.2969000      0.0000000000000000E+00  2.9602281603829882E-09  1.1058807681646927E-08  1.5891238282619373E-06  4.7756540810207071E-09  3.9868484858480466E-09
   132   1.3068000      0.0000000000000000E+00  3.0348166786346509E-09  1.1142568240028210E-08  1.5944097895656268E-06  4.6971488566017294E-09  3.9912593580720179E-09
   133   1.3167000      0.0000000000000000E+00  3.1101290892538746E-09  1.1238173340275533E-08  1.5995354732670442E-06  4.5869110550048130E-09  3.9919559505519605E-09
   134   1.3266000      0.0000000000000000E+00  3.1523488937374299E-09  1.1284463692526497E-08  1.6043876696220473E-06  4.5205833355585994E-09  4.0242163314597992E-09
   135   1.3365000      0.0000000000000000E+00  3.1523306984967959E-09  1.1304285042124980E-08  1.6086720691485795E-06  4.4326025394190892E-09  4.0635237079333730E-09
   136   1.3464000      0.0000000000000000E+00  3.1479690011860144E-09  1.1331178685794096E-08  1.6129660142658782E-06  4.3546103736372682E-09  4.0855695429839230E-09
   137   1.3563000      0.0000000000000000E+00  3.1835697191104756E-09  1.1336775334532071E-08  1.6168363037662156E-06  4.2819469311817059E-09  4.0569533848656003E-09
   138   1.3662000      0.0000000000000000E+00  3.2056423219776512E-09  1.1292085338409847E-08  1.6202063914811661E-06  4.2442956206309017E-09  4.0691668617016842E-09
   139   1.3761000      0.0000000000000000E+00  3.2379849654345752E-09  1.1220657129264480E-08  1.6236248207907934E-06  4.2160852787989616E-09  4.0875505510716619E-09
   140   1.3860000      0.0000000000000000E+00  3.2909983233080746E-09  1.1103150319174328E-08  1.6269314191739668E-06  4.1994425604825056E-09  4.0762192252585258E-09
   141   1.3959000      0.0000000000000000E+00  3.3004195072924672E-09  1.0968235851449111E-08  1.6299357128171541E-06  4.2118890773197616E-09  4.1061774068965480E-09
   142   1.4058000      0.0000000000000000E+00  3.2719452927609738E-09  1.0864626115362637E-08  1.6330137018590567E-06  4.1957143986419141E-09  4.1577366761876849E-09
   143   1.4157000      0.0000000000000000E+00  3.2447166762847411E-09  1.0791000296082099E-08  1.6358018257273927E-06  4.1748022242524376E-09  4.1962446854850675E-09
   144   1.4256000      0.0000000000000000E+00  3.2312261869258573E-09  1.0764983232490813E-08  1.6383328145457271E-06  4.1135630156449261E-09  4.2117047419421021E-09
   145   1.4355000      0.0000000000000000E+00  3.2401557442946657E-09  1.0729345325685543E-08  1.6403780590084861E-06  4.0538971437329395E-09  4.1930196568209549E-09
   146   1.4454000      0.0000000000000000E+00  3.2678932833229517E-09  1.0690554055747053E-08  1.6422328040588528E-06  4.0065166217500654E-09  4.1758522577219317E-09
   147   1.4553000      0.0000000000000000E+00  3.3155618182068643E-09  1.0669106963984712E-08  1.6436110569784345E-06  3.9637764703706517E-09  4.1037682273844416E-09
   148   1.4652000      0.0000000000000000E+00  3.3017086518320137E-09  1.0677921059783636E-08  1.6449044409723554E-06  3.9123414810552497E-09  4.0934667944159044E-09
   149   1.4751000      0.0000000000000000E+00  3.2657616546288268E-09  1.0685076984711888E-08  1.6461738148334322E-06  3.8982227050683336E-09  4.0604039669312830E-09
   150   1.4850000      0.0000000000000000E+00  3.2512553170978443E-09  1.0674573269271057E-08  1.6469591314175059E-06  3.8950393614354870E-09  4.0173560330720447E-09
   151   1.4949000      0.0000000000000000E+00  3.2885823254556001E-09  1.0671377123097585E-08  1.6479177830153675E-06  3.9092084560438339E-09  3.9506607936087695E-09
   152   1.5048000      0.0000000000000000E+00  3.3144446452375786E-09  1.0683723053401744E-08  1.6486545960816153E-06  3.9221503693974899E-09  3.9071829886627869E-09
   153   1.5147000      0.0000000000000000E+00  3.2893529803342447E-09  1.0682006691410202E-08  1.6493555898386443E-06  3.9210393340525700E-09  3.9227246719395237E-09
   154   1.5246000      0.0000000000000000E+00  3.2204530757268731E-09  1.0670336055534157E-08  1.6498463450203194E-06  3.9225107588664822E-09  3.9385623802486980E-09
   155   1.5345000      0.0000000000000000E+00  3.1179084150026971E-09  1.0669861102313119E-08  1.6500227987653457E-06  3.9105437302062549E-09  3.9504922301892183E-09
   156   1.5444000      0.0000000000000000E+00  2.9990031589526641E-09  1.0656862400609238E-08  1.6503127511993059E-06  3.9186685999466787E-09  3.9603077122133491E-09
   157   1.5543000      0.0000000000000000E+00  2.8783841096849811E-09  1.0624045888396490E-08  1.6508553230394901E-06  3.9495736248152872E-09  3.9561783289232856E-09
   158   1.5642000      0.0000000000000000E+00  2.7550740714018431E-09  1.0565429860720594E-08  1.6512429172001479E-06  3.9652838740500941E-09  3.9535010705374445E-09
   159   1.5741000      0.0000000000000000E+00  2.6476168008753265E-09  1.0459256205891880E-08  1.6515252907507770E-06  4.0147125947041599E-09  3.9332504085304208E-09
   160   1.5840000      0.0000000000000000E+00  2.5650446940943208E-09  1.0339440607995120E-08  1.6518277433900967E-06  4.0843517455717465E-09  3.9135709266177515E-09
   161   1.5939000      0.0000000000000000E+00  2.4882737002677762E-09  1.0224946509117833E-08  1.6517046824441403E-06  4.1363619116046940E-09  3.8927064502921010E-09
   162   1.6038000      0.0000000000000000E+00  2.4085996619936660E-09  1.0112909081010468E-08  1.6511481458871334E-06  4.1715294775208637E-09  3.8604977670067302E-09
   163   1.6137000      0.0000000000000000E+00  2.3238026777283339E-09  1.0001828768759705E-08  1.6504980771525824E-06  4.1841331770115406E-09  3.8026450701037599E-09
   164   1.6236000      0.0000000000000000E+00  2.2210430805527077E-09  9.9103815099349883E-09  1.6496157057859606E-06  4.1770552913761576E-09  3.7645946791952793E-09
   165   1.6335000      0.0000000000000000E+00  2.1275448415956044E-09  9.8311984963412024E-09  1.6483130195425998E-06  4.1622211038366817E-09  3.7649798228458818E-09
   166   1.6434000      0.0000000000000000E+00  2.0665480002143381E-09  9.7455106986366008E-09  1.6469975263056393E-06  4.1552500687141922E-09  3.7784896581352557E-09
   167   1.6533000      0.0000000000000000E+00  2.0421283842543682E-09  9.6528179843676401E-09  1.6453222061732255E-06  4.1640377566063306E-09  3.7694411949665710E-09
   168   1.6632000      0.0000000000000000E+00  2.0122479033030824E-09  9.5683278249233310E-09  1.6433637423072862E-06  4.1802575971742653E-09  3.8067915731030357E-09
   169   1.6731000      0.0000000000000000E+00  2.0085390339755787E-09  9.4783259145702921E-09  1.6412272140090426E-06  4.2191694542705547E-09  3.8258447359983708E-09
   170   1.6830000      0.0000000000000000E+00  1.9730250528720760E-09  9.4047650991439525E-09  1.6391185775055923E-06  4.2553953474615103E-09  3.8375587663240936E-09
   171   1.6929000      0.0000000000000000E+00  1.8950807278750489E-09  9.3480596029748570E-09  1.6370174018958198E-06  4.2762936488993500E-09  3.8931399374490616E-09
   172   1.7028000      0.0000000000000000E+00  1.8035656203479741E-09  9.2872382552782425E-09  1.6347492633643723E-06  4.2896148118403745E-09  3.9543312391649406E-09
   173   1.7127000      0.0000000000000000E+00  1.7000326575235882E-09  9.2653728797661087E-09  1.6323495727787916E-06  4.2888656704547635E-09  4.0140873609783478E-09
   174   1.7226000      0.0000000000000000E+00  1.6269675602958917E-09  9.2513580709531173E-09  1.6297448533727214E-06  4.2750869123411358E-09  4.0648678389003839E-09
   175   1.7325000      0.0000000000000000E+00  1.5691691530665852E-09  9.2281987004787031E-09  1.6272501185633938E-06  4.2645443780874247E-09  4.1442056704641820E-09
   176   1.7424000      0.0000000000000000E+00  1.5602824443752499E-09  9.2311584736777738E-09  1.6244708802902789E-06  4.2473636935165079E-09  4.1651053486439764E-09
   177   1.7523000      0.0000000000000000E+00  1.5629997180931362E-09  9.2616244732194750E-09  1.6211142187524274E-06  4.2125798703432022E-09  4.1657070551918421E-09
   178   1.7622000      0.0000000000000000E+00  1.5740961098462857E-09  9.2703132096116288E-09  1.6176588149502290E-06  4.1820512268214021E-09  4.1779529305165855E-09
   179   1.7721000      0.0000000000000000E+00  1.5953356858155936E-09  9.2322560555451683E-09  1.6142662995784828E-06  4.1741473232095627E-09  4.2155769495670424E-09
   180   1.7820000      0.0000000000000000E+00  1.6644452230597458E-09  9.1328584507384524E-09  1.6106059780386124E-06  4.2078193151644993E-09  4.2144731395807784E-09
   181   1.7919000      0.0000000000000000E+00  1.7570566885610749E-09  9.0254193573898681E-09  1.6069223903745280E-06  4.2288809721434408E-09  4.1810640663372945E-09
   182   1.8018000      0.0000000000000000E+00  1.8276211466758317E-09  8.9206033612546023E-09  1.6031597317659186E-06  4.2441727187317741E-09  4.1768594544022650E-09
   183   1.8117000      0.0000000000000000E+00  1.9219508425667758E-09  8.7624772020160154E-09  1.5992163492338749E-06  4.2841220766918558E-09  4.1315340324346772E-09
   184   1.8216000      0.0000000000000000E+00  2.0393031147572106E-09  8.6107148385852329E-09  1.5953694868949950E-06  4.3024125552316703E-09  4.0838749699616419E-09
   185   1.8315000      0.0000000000000000E+00  2.1344139984396887E-09  8.4685121953745231E-09  1.5912761931463447E-06  4.3194896071538196E-09  4.0643743163102607E-09
   186   1.8414000      0.0000000000000000E+00  2.1893181548590370E-09  8.3572105253768566E-09  1.5872951741727440E-06  4.3165551505384585E-09  4.0402668526639285E-09
   187   1.8513000      0.0000000000000000E+00  2.2445805096703074E-09  8.2697356828263846E-09  1.5832311429532069E-06  4.3093862698205327E-09  3.9918161553047229E-09
   188   1.8612000      0.0000000000000000E+00  2.2969913425602275E-09  8.1902460530469701E-09  1.5790706751799306E-06  4.3101091025034839E-09  3.9615520534288709E-09
   189   1.8711000      0.0000000000000000E+00  2.3320205151642759E-09  8.1304213746009025E-09  1.5747030106461185E-06  4.3092492407527411E-09  3.9851847268154848E-09
   190   1.8810000      0.0000000000000000E+00  2.3716038422817315E-09  8.0803220208377255E-09  1.5699436298815806E-06  4.3106718405575556E-09  3.9769199858863896E-09
   191   1.8909000      0.0000000000000000E+00  2.4085833924269946E-09  8.0001064265428094E-09  1.5650934996142328E-06  4.3445640874913733E-09  3.9675953953150951E-09
   192   1.9008000      0.0000000000000000E+00  2.4180908489347925E-09  7.9089951886679184E-09  1.5603027325568690E-06  4.3959714983830804E-09  3.9832333619707377E-09
   193   1.9107000      0.0000000000000000E+00  2.4269603776612727E-09  7.8850999513256169E-09  1.5555323656174042E-06  4.4144234559945473E-09  3.9823786940345261E-09
   194   1.9206000      0.0000000000000000E+00  2.4701784369045515E-09  7.8781006372613351E-09  1.5507610510069972E-06  4.4330510221203047E-09  3.9385044664778958E-09
   195   1.9305000      0.0000000000000000E+00  2.4966263654872844E-09  7.8982996812104106E-09  1.5459609686500027E-06  4.4166698830380997E-09  3.8822696847198337E-09
   196   1.9404000      0.0000000000000000E+00  2.4836226325973956E-09  7.9582643992929566E-09  1.5412243569600456E-06  4.3708555617010688E-09  3.8489113106400442E-09
   197   1.9503000      0.0000000000000000E+00  2.4844851662991391E-09  8.0392075320529427E-09  1.5362118145367676E-06  4.3109664122841042E-09  3.8071878565060445E-09
   198   1.9602000      0.0000000000000000E+00  2.4971026011389789E-09  8.1236595937562235E-09  1.5309702620895915E-06  4.2464409945151643E-09  3.7538461104215747E-09
   199   1.9701000      0.0000000000000000E+00  2.4966304396622710E-09  8.1980239145699620E-09  1.5256999289131335E-06  4.1893973229123632E-09  3.7193683926168035E-09
   200   1.9800000      0.0000000000000000E+00  2.5051777724939206E-09  8.2341865321305630E-09  1.5207157195160187E-06  4.1589837330812704E-09  3.6910032672651987E-09
   201   1.9899000      0.0000000000000000E+00  2.5503220137878660E-09  8.2541921727859620E-09  1.5156099928788437E-06  4.1127892423008833E-09  3.6361730579991802E-09
   202   1.9998000      0.0000000000000000E+00  2.6200549266563992E-09  8.2509050179785324E-09  1.5107071463737110E-06  4.0796993281496818E-09  3.5935314850124044E-09
   203   2.0097000      0.0000000000000000E+00  2.6923129611148713E-09  8.2196274171560424E-09  1.5056603461968286E-06  4.0636583754967367E-09  3.5865964094452451E-09
   204   2.0196000      0.0000000000000000E+00  2.8001486290603398E-09  8.2138619609915625E-09  1.5007223620013522E-06  4.0400947665295176E-09  3.5840310465270222E-09
   205   2.0295000      0.0000000000000000E+00  2.9091526703550376E-09  8.2075128687066259E-09  1.4959020725416257E-06  4.0312634743136104E-09  3.5689151089050623E-09
   206   2.0394000      0.0000000000000000E+00  2.9693360128601422E-09  8.2270385765510349E-09  1.4912206736590094E-06  3.9925206870247473E-09  3.5635724726846167E-09
   207   2.0493000      0.0000000000000000E+00  2.9647948012255565E-09  8.2544817435644020E-09  1.4867752630573145E-06  3.9745931141463752E-09  3.5922481553395262E-09
   208   2.0592000      0.0000000000000000E+00  2.9724726805652354E-09  8.3031008884543924E-09  1.4823005258060695E-06  3.9408141710381128E-09  3.5927014163489579E-09
   209   2.0691000      0.0000000000000000E+00  3.0109275439243883E-09  8.3731383962979774E-09  1.4779450115114438E-06  3.9302421453218028E-09  3.5841847079898233E-09
   210   2.0790000      0.0000000000000000E+00  3.0677248854650479E-09  8.4799776752017919E-09  1.4740552133244196E-06  3.8959343947495881E-09  3.5901518945120221E-09
   211   2.0889000      0.0000000000000000E+00  3.1932579393900938E-09  8.5784559419381039E-09  1.4706202902240106E-06  3.8770745434948775E-09  3.5701277094424665E-09
   212   2.0988000      0.0000000000000000E+00  3.3397563443625599E-09  8.6587472825088760E-09  1.4670476344782341E-06  3.8939915091775306E-09  3.5205418143383339E-09
   213   2.1087000      0.0000000000000000E+00  3.4763023907644466E-09  8.7463669736636518E-09  1.4635437068869331E-06  3.9176320200012711E-09  3.4602795013183020E-09
   214   2.1186000      0.0000000000000000E+00  3.6042351264980030E-09  8.8396467888853627E-09  1.4602636750107004E-06  3.9307179230119041E-09  3.3959286294085342E-09
   215   2.1285000      0.0000000000000000E+00  3.7435031322587451E-09  8.9431921229422888E-09  1.4570853949593706E-06  3.9093677203772191E-09  3.3093379265569990E-09
   216   2.1384000      0.0000000000000000E+00  3.8353957213012653E-09  9.0343845994434086E-09  1.4540924758812041E-06  3.8808673908757123E-09  3.2548715875618961E-09
   217   2.1483000      0.0000000000000000E+00  3.8713143384806701E-09  9.1499122241640659E-09  1.4512794990975486E-06  3.8238040186882687E-09  3.2108339013701781E-09
   218   2.1582000      0.0000000000000000E+00  3.8738874573207273E-09  9.2662312076964418E-09  1.4485150621021998E-06  3.7662827798256476E-09  3.1970999168386287E-09
   219   2.1681000      0.0000000000000000E+00  3.8575657075991737E-09  9.3916567669829688E-09  1.4458515084589428E-06  3.6848577965233716E-09  3.1502328637800352E-09
   220   2.1780000      0.0000000000000000E+00  3.8111377642987791E-09  9.5173337919539685E-09  1.4430603324905484E-06  3.5947445909787204E-09  3.0987853404372399E-09
   221   2.1879000      0.0000000000000000E+00  3.7366332944909593E-09  9.5892790280150162E-09  1.4402716058621648E-06  3.5178889396620835E-09  3.0727105006933994E-09
   222   2.1978000      0.0000000000000000E+00  3.6318318435468597E-09  9.6066966503603047E-09  1.4374180576091585E-06  3.4867127085777272E-09  3.0573284014292305E-09
   223   2.2077000      0.0000000000000000E+00  3.5202359237518173E-09  9.6325954314503790E-09  1.4345179100188233E-06  3.4253561238147079E-09  3.0803521686837046E-09
   224   2.2176000      0.0000000000000000E+00  3.4575316705792857E-09  9.6582409522485824E-09  1.4314749799767043E-06  3.3557203569126915E-09  3.0944790592259287E-09
   225   2.2275000      0.0000000000000000E+00  3.4205606740826263E-09  9.7086452979600209E-09  1.4279892131295152E-06  3.2636461933181757E-09  3.0898295205661813E-09
   226   2.2374000      0.0000000000000000E+00  3.3939189005405653E-09  9.7699765385987437E-09  1.4245744785913148E-06  3.1844991524274869E-09  3.0686240692543383E-09
   227   2.2473000      0.0000000000000000E+00  3.3387360514503723E-09  9.8677221037140362E-09  1.4212504186634858E-06  3.0846879528242173E-09  3.0733606561269777E-09
   228   2.2572000      0.0000000000000000E+00  3.2739456045940231E-09  9.9999610979309146E-09  1.4179695262471735E-06  3.0058603378062364E-09  3.0893111850633204E-09
   229   2.2671000      0.0000000000000000E+00  3.2232062246195889E-09  1.0170210958762493E-08  1.4144667104338809E-06  2.9125188810744524E-09  3.0881625526409158E-09
   230   2.2770000      0.0000000000000000E+00  3.2098394675798243E-09  1.0342874438338663E-08  1.4105871757085698E-06  2.8381834865039044E-09  3.0426045830882473E-09
   231   2.2869000      0.0000000000000000E+00  3.2646169803521292E-09  1.0482211806227767E-08  1.4068628164665454E-06  2.8099331294172704E-09  2.9624241565961225E-09
   232   2.2968000      0.0000000000000000E+00  3.3739488162755093E-09  1.0633776331443795E-08  1.4029271713291921E-06  2.7758387503791294E-09  2.8805821221135746E-09
   233   2.3067000      0.0000000000000000E+00  3.4827823781314020E-09  1.0811892293464246E-08  1.3993782896616803E-06  2.7387307822965539E-09  2.8060029758222950E-09
   234   2.3166000      0.0000000000000000E+00  3.5539927888499793E-09  1.0989115187539079E-08  1.3957033370187698E-06  2.7093976441436786E-09  2.7325789806863408E-09
   235   2.3265000      0.0000000000000000E+00  3.6162278698776950E-09  1.1126741036764412E-08  1.3916788560141257E-06  2.7001390243201773E-09  2.6397369149102851E-09
   236   2.3364000      0.0000000000000000E+00  3.6531466384128429E-09  1.1210013574975155E-08  1.3875053780454904E-06  2.6983101573417511E-09  2.5749008253788679E-09
   237   2.3463000      0.0000000000000000E+00  3.6694545740361139E-09  1.1282990274740211E-08  1.3833134568946513E-06  2.6950120906476756E-09  2.5229503281038141E-09
   238   2.3562000      0.0000000000000000E+00  3.6678186685731026E-09  1.1370441978375304E-08  1.3790531471175390E-06  2.6819751544697395E-09  2.4714042600362995E-09
   239   2.3661000      0.0000000000000000E+00  3.6686006172539372E-09  1.1448019329351560E-08  1.3747071300431296E-06  2.6603373507777350E-09  2.4281272998290556E-09
   240   2.3760000      0.0000000000000000E+00  3.6514244230938433E-09  1.1513945344915633E-08  1.3699618501420168E-06  2.6396645993492291E-09  2.4028750731772157E-09
   241   2.3859000      0.0000000000000000E+00  3.6338446547632387E-09  1.1615315352534872E-08  1.3652301401383409E-06  2.5800244073424366E-09  2.3635168887856845E-09
   242   2.3958000      0.0000000000000000E+00  3.6567354618358963E-09  1.1744730630908537E-08  1.3605289910223468E-06  2.5274697596032010E-09  2.2934697678398405E-09
   243   2.4057000      0.0000000000000000E+00  3.6667538914130691E-09  1.1864718422968089E-08  1.3558523633188087E-06  2.4745034810917484E-09  2.2659531526889435E-09
   244   2.4156000      0.0000000000000000E+00  3.6998218075436224E-09  1.1935144575992756E-08  1.3513122789036124E-06  2.4623424954930808E-09  2.2230653586294021E-09
   245   2.4255000      0.0000000000000000E+00  3.7696357601759103E-09  1.2000158853131486E-08  1.3469168747037781E-06  2.4561213857642035E-09  2.1405376551367819E-09
   246   2.4354000      0.0000000000000000E+00  3.8508454016038101E-09  1.2051705323737992E-08  1.3420915204334619E-06  2.4426098724472901E-09  2.0378820329327707E-09
   247   2.4453000      0.0000000000000000E+00  3.9013364574367162E-09  1.2095996271387872E-08  1.3370983779826279E-06  2.3993750209601939E-09  1.9679026434621653E-09
   248   2.4552000      0.0000000000000000E+00  3.9725048740040514E-09  1.2117979475143763E-08  1.3320293743212563E-06  2.3553423081832181E-09  1.8685457027006293E-09
   249   2.4651000      0.0000000000000000E+00  4.0606267149772590E-09  1.2163132659612138E-08  1.3270243715183092E-06  2.3035532748109249E-09  1.7694224736732454E-09
   250   2.4750000      0.0000000000000000E+00  4.1446458954827391E-09  1.2241220111407109E-08  1.3225342119497081E-06  2.2542207494026159E-09  1.6565603767760459E-09
   251   2.4849000      0.0000000000000000E+00  4.2652131301160866E-09  1.2319820120434284E-08  1.3180477683441008E-06  2.1946592809533757E-09  1.5271079089325130E-09
   252   2.4948000      0.0000000000000000E+00  4.4019613407920376E-09  1.2348826754842557E-08  1.3137137999252414E-06  2.1661068381015842E-09  1.3675363257090407E-09
   253   2.5047000      0.0000000000000000E+00  4.3883891556895949E-09  1.2235405877049707E-08  1.3095891112696368E-06  2.2436267862652870E-09  1.3217195617389019E-09
