! Kinetic energy for species "electrons"
  Iter        Time          Total Par.             Kin. Energy
     0   0.0000000              32000  7.4568520228718131E-04
    20  0.19800000              32000  7.4556289186757899E-04
    40  0.39600000              32000  7.4529021110399433E-04
    60  0.59400000              32000  7.4495834794475265E-04
    80  0.79200000              32000  7.4464538372979365E-04
   100  0.99000000              32000  7.4439280288481795E-04
   120   1.1880000              32000  7.4421866220024217E-04
   140   1.3860000              32000  7.4412501779227405E-04
   160   1.5840000              32000  7.4410193378267374E-04
   180   1.7820000              32000  7.4414410591565089E-04
   200   1.9800000              32000  7.4423277668031853E-04
   220   2.1780000              32000  7.4431389090878547E-04
   240   2.3760000              32000  7.4439716479627921E-04
