  Iter            Time Ekin = 3kT/2 [m u_fluid [c]  x1              x2              x3           q_tot    <m|u|> [mec] <m v.u> [mec^2] <m u.u> [me^2c^     <v.v> [c^2]
     0   0.0000000       0.0000000      0.14552317E-04 -0.17492162E-04  0.34733122E-04  -500.00000       0.0000000       0.0000000       0.0000000      0.29816103E-03
    20  0.19800000       0.0000000      0.14272726E-04 -0.17167114E-04  0.34088750E-04  -500.00000       0.0000000       0.0000000       0.0000000      0.29811434E-03
    40  0.39600000       0.0000000      0.13389146E-04 -0.16171600E-04  0.32112813E-04  -500.00000       0.0000000       0.0000000       0.0000000      0.29800656E-03
    60  0.59400000       0.0000000      0.11969529E-04 -0.14544843E-04  0.28883343E-04  -500.00000       0.0000000       0.0000000       0.0000000      0.29787435E-03
    80  0.79200000       0.0000000      0.10170741E-04 -0.12347012E-04  0.24526397E-04  -500.00000       0.0000000       0.0000000       0.0000000      0.29774911E-03
   100  0.99000000       0.0000000      0.80234397E-05 -0.96694298E-05  0.19210942E-04  -500.00000       0.0000000       0.0000000       0.0000000      0.29764778E-03
   120   1.1880000       0.0000000      0.55708682E-05 -0.66145637E-05  0.13144557E-04  -500.00000       0.0000000       0.0000000       0.0000000      0.29757760E-03
   140   1.3860000       0.0000000      0.30066061E-05 -0.32984347E-05  0.65675575E-05  -500.00000       0.0000000       0.0000000       0.0000000      0.29753961E-03
   160   1.5840000       0.0000000      0.32877007E-06  0.14273703E-06 -0.26714211E-06  -500.00000       0.0000000       0.0000000       0.0000000      0.29752978E-03
   180   1.7820000       0.0000000     -0.24528595E-05  0.35772305E-05 -0.70907794E-05  -500.00000       0.0000000       0.0000000       0.0000000      0.29754594E-03
   200   1.9800000       0.0000000     -0.52354351E-05  0.68742645E-05 -0.13636999E-04  -500.00000       0.0000000       0.0000000       0.0000000      0.29758102E-03
   220   2.1780000       0.0000000     -0.79552079E-05  0.99038679E-05 -0.19650196E-04  -500.00000       0.0000000       0.0000000       0.0000000      0.29761328E-03
   240   2.3760000       0.0000000     -0.10315053E-04  0.12545999E-04 -0.24895402E-04  -500.00000       0.0000000       0.0000000       0.0000000      0.29764615E-03
